%YAML:1.0
---
Kl: !!opencv-matrix
   rows: 3
   cols: 3
   dt: d
   data: [ 1428.2324440771606, 0., 1104.4786531102818, 0.,
       1427.2131979796056, 598.32530886606708, 0., 0., 1. ]
Dl: !!opencv-matrix
   rows: 1
   cols: 5
   dt: d
   data: [ -0.1198187809154789, -0.11317595941020095,
       -0.0052545963912197236, -0.002389521451706724,
       0.13543875567588623 ]
Kr: !!opencv-matrix
   rows: 3
   cols: 3
   dt: d
   data: [ 1421.8329895500194, 0., 1114.914113773988, 0.,
       1425.2953877186255, 619.87254997263074, 0., 0., 1. ]
Dr: !!opencv-matrix
   rows: 1
   cols: 5
   dt: d
   data: [ -0.14841855739575074, 0.037902608973436003,
       -0.0026504023708533524, 0.00070151492047720052,
       -0.020724163381757175 ]
R: !!opencv-matrix
   rows: 3
   cols: 3
   dt: d
   data: [ 0.99982646920104878, 0.0050928022082924089,
       0.01791911969465931, -0.0050203312756000778, 0.99997904614231903,
       -0.0040869976977013275, -0.017939558490875602,
       0.0039963285606912039, 0.99983108653371411 ]
T: !!opencv-matrix
   rows: 3
   cols: 1
   dt: d
   data: [ -5.8981739054101414, -0.011262316855407253,
       -0.067370430193444769 ]
